61.27016 92.42093 10.41296 15.94916 -0.1124968 0.3204584 9.336971 -23.46593 4.460695 26.78380 10.28612
92.42093 142.1714 17.77215 27.25185 -0.2781263 0.6844424 16.07445 -38.87807 7.659138 45.62307 18.00413
10.41296 17.77215 30.22722 48.20535 0.6508024 1.219229 10.6101 -21.65298 5.739805 32.51291 15.38182
15.94916 27.25185 48.20535 89.60893 2.513576 1.929637 16.86093 -34.17146 9.370045 52.81752 24.70565
-0.1124968 -0.2781263 0.6508024 2.513576 1.853144 -0.06383066 -0.2909008 0.1373686 -0.1301199 -0.6544886 -0.3764559
0.3204584 0.6844424 1.219229 1.929637 -0.06383066 2.100088 4.33934 6.54052 0.5595222 3.075708 1.543320
9.336971 16.07445 10.6101 16.86093 -0.2909008 4.33934 18.97953 -1.106839 4.853548 27.34078 13.07754
-23.46593 -38.87807 -21.65298 -34.17146 0.1373686 6.54052 -1.106839 415.3279 -9.539146 -57.8684 -24.80954
4.460695 7.659138 5.739805 9.370045 -0.1301199 0.5595222 4.853548 -9.539146 8.624844 44.06165 16.30311
26.78380 45.62307 32.51291 52.81752 -0.6544886 3.075708 27.34078 -57.8684 44.06165 244.7962 85.19911
10.28612 18.00413 15.38182 24.70565 -0.3764559 1.543320 13.07754 -24.80954 16.30311 85.19911 46.50951
